[ASYMPTOMATIC_PREVALENCE]
prevalence = 0.0058

[INCUBATION]
lower_bound = -10
upper_bound = 8
dist_type = gamma
shape = 20.16693271833812
loc = -12.132674385322815
scale = 0.6322296057082886

[COUNTDOWN]
dist_type = lognorm
shape = 0.6432659248014824 
loc = -0.07787673726582335
scale = 4.2489459496009125
upper_bound = 17
lower_bound = 0
